105
5 1
3 99
8 3
412538846 2
1 10
195 99
114382 1
6 3
3 3
197550894 70
99 100
3 5
7 2
1 100
102 99
4 3
198 99
1000000000 40
4 9
196 99
142120133 69
2 1
999999999 99
201 99
4 2
3 100
417304805 46
999999999 100
236088977 100
99 99
671654092 96
201 100
538816732 85
997184809 100
3 2
197 100
200 99
103 100
59243198 88
396767469 94
4 6
96 99
186260212 39
670467508 92
3 4
313424185 10
1000000000 3
2 99
313273513 69
97 99
1 2
199 99
100 100
203 100
101 99
1000000000 2
3 6
1000000000 100
5 2
100 99
128124448 100
999999999 2
102 100
4 4
3 7
138 6
202 100
98 100
670528042 10
2 5
97 100
146755893 1
101 100
2 3
1 99
2 100
4 7
200 100
417021999 1
999999999 3
273049978 17
4 1
6 2
1 3
7 3
1 31
2 2
558689828 44
999999999 1
3 1
2 4
98 99
198 100
783314473 84
1 1
4 5
1000000000 1
1000000000 99
9 3
1 73
1000000000 94
197 99
199 100
4 8
5 3
